16
1  0  1  2  0 -1 -1 -1 1  0  1  2  0 -1 -1 -1
-1  1 -1  1  2  0  0  3 -1  1 -1  1  2  0  0  3
1 -1  2 -3 -1  1  1  0 1 -1  2 -3 -1  1  1  0
0  2  3  2  1  0 -1 -2 0  2  3  2  1  0 -1 -2
2  3 -1  0 -1  0 -1  0 2  3 -1  0 -1  0 -1  0
1  2  2  1  0  1  1  2 3 -1  0  2  2  2  2  1 
2 -2  1 -3  3  0  1  2 1  0  1  2  0 -1 -1 -1
-1  1 -1  1  2  0  0  3 1 -1  2 -3 -1  1  1  0
0  2  3  2  1  0 -1 -2 2  3 -1  0 -1  0 -1  0
1  2  2  1  0  1  1  2 3 -1  0  2  2  2  2  1
2 -2  1 -3  3  0  1  2 1  2  2  1  0  1  1  2
3 -1  0  2  2  2  2  1 2 -2  1 -3  3  0  1  2
1  0  1  2  0 -1 -1 -1 -1  1 -1  1  2  0  0  3
1 -1  2 -3 -1  1  1  0 0  2  3  2  1  0 -1 -2
2  3 -1  0 -1  0 -1  0 1  2  2  1  0  1  1  2
3 -1  0  2  2  2  2  1 2 -2  1 -3  3  0  1  2
1  0  1  2  0 -1 -1 -1 1  0  1  2  0 -1 -1 -1
-1  1 -1  1  2  0  0  3 -1  1 -1  1  2  0  0  3
1 -1  2 -3 -1  1  1  0 1 -1  2 -3 -1  1  1  0
0  2  3  2  1  0 -1 -2 0  2  3  2  1  0 -1 -2
2  3 -1  0 -1  0 -1  0 2  3 -1  0 -1  0 -1  0
1  2  2  1  0  1  1  2 3 -1  0  2  2  2  2  1 
2 -2  1 -3  3  0  1  2 1  0  1  2  0 -1 -1 -1
-1  1 -1  1  2  0  0  3 1 -1  2 -3 -1  1  1  0
0  2  3  2  1  0 -1 -2 2  3 -1  0 -1  0 -1  0
1  2  2  1  0  1  1  2 3 -1  0  2  2  2  2  1
2 -2  1 -3  3  0  1  2 1  2  2  1  0  1  1  2
3 -1  0  2  2  2  2  1 2 -2  1 -3  3  0  1  2
1  0  1  2  0 -1 -1 -1 -1  1 -1  1  2  0  0  3
1 -1  2 -3 -1  1  1  0 0  2  3  2  1  0 -1 -2
2  3 -1  0 -1  0 -1  0 1  2  2  1  0  1  1  2
3 -1  0  2  2  2  2  1 2 -2  1 -3  3  0  1  2

4
1  0  1  2  
0 -1 -1 -1 
1  0  1  2  
0 -1 -1 -1
2  3 -1  0 
-1  0 -1  0 
1  2  2  1  
0  1  1  2

OUTPUT: 

16x16
Naive Method Output: 
[
  [2, -1, 10, 8, 4, 0, -2, -11, 1, 4, 3, -3, 1, -2, -3, -1],
  [11, 11, -6, 21, 12, 7, 4, 15, 10, -5, 4, -14, 18, 4, 6, 15],
  [1, -11, 4, -29, -4, -3, 2, 4, 3, 4, 5, 4, -17, 3, 2, -4],
  [10, 1, 19, -7, 5, 4, 4, 3, 7, 11, 7, 8, 10, 8, 5, 12],
  [-8, 12, 8, 21, 5, 1, -1, 6, 7, -1, -8, 11, 10, 2, 1, 4],
  [18, 9, 18, 9, 15, 7, 2, 6, 16, 13, 19, -5, 13, 4, 1, 14],
  [13, -3, -4, -4, 4, 0, 2, 7, 18, -3, -4, -16, -12, 0, 1, 1],
  [-6, 14, -3, -9, 7, -5, -8, 9, 1, 24, 9, 6, -14, 4, -4, -4],
  [1, 15, 21, 6, -5, 7, 1, -5, 12, 6, -1, 4, 6, 6, 1, -1],
  [18, 9, 18, 9, 15, 7, 2, 6, 16, 13, 19, -5, 13, 4, 1, 14],
  [29, 1, 3, -7, 7, 8, 9, 15, 31, 1, 10, -11, 0, 7, 8, 9],
  [15, 12, 18, 9, 8, -8, -12, -9, 12, 23, 10, 18, -2, -2, -9, -1],
  [13, 0, 7, 18, 0, 6, 3, -8, 3, -7, 7, -7, 19, -1, 2, 8],
  [12, -17, 10, -18, 7, 3, 12, 15, 13, -10, 2, 0, 2, 8, 12, 11],
  [12, 4, 7, 14, 16, 6, 6, 14, 12, 4, 8, 8, 21, 5, 7, 20],
  [15, 12, 18, 9, 8, -8, -12, -9, 12, 23, 10, 18, -2, -2, -9, -1],
]
Strassen Method Output: 
[
  [2, -1, 10, 8, 4, 0, -2, -11, 1, 4, 3, -3, 1, -2, -3, -1],
  [10, 11, 2, 21, 12, 7, -7, 15, 14, -5, 1, -14, 16, 4, 5, 15],
  [11, -3, 4, -29, -6, -14, 2, 4, 6, 1, 5, 4, -20, 2, 2, -4],
  [1, 22, -10, -7, -5, 19, 8, 3, 12, -3, 11, 8, 18, 23, 1, 12],
  [-4, 12, 6, 10, 5, 1, -1, 6, 8, -3, -11, 10, 10, 2, 1, 4],
  [42, 16, 32, 24, 16, 7, 8, 6, 31, 17, 35, 10, 15, 4, 5, 14],
  [15, 4, -2, 0, 3, 6, 2, 7, -10, 10, -2, -20, -11, 4, 1, 1],
  [25, 42, 1, -6, 15, 1, -1, 9, 46, 42, -6, 18, -9, 18, -3, -4],
  [2, 19, 24, 3, -4, 5, -2, -6, 12, 6, -1, 4, 6, 6, 1, -1],
  [47, 4, 25, -5, 38, 11, 2, 21, 22, 13, 23, -5, 19, 4, 0, 14],
  [56, 8, 8, -3, -12, 5, 11, 11, 30, 5, 10, -11, 1, 6, 8, 9],
  [52, 18, 22, 17, 31, 21, 4, 3, 36, 18, -1, 18, 5, 12, 0, -1],
  [16, 4, -3, 23, 10, 8, 4, -4, 9, -1, 8, -8, 19, -1, 2, 8],
  [65, 7, 60, -2, 28, 7, 9, 29, 25, -6, -5, 14, 1, 8, 20, 11],
  [17, 35, 14, 9, 8, 2, 7, 15, 20, 3, 16, 17, 23, 13, 7, 20],
  [106, 34, 29, 18, 9, 25, -1, -13, 16, 35, 18, 17, 23, 9, 11, -1],
]
Naive Calculation Time: 170500ms
Strassen Calculation Time: 4223500ms



4x4:
Naive Method Output: 
[
  [3, 7, 3, 5],
  [0, -3, -2, -3],
  [3, 7, 3, 5],
  [0, -3, -2, -3],
]
Strassen Method Output: 
[
  [3, 7, 3, 5],
  [7, -3, 3, -3],
  [6, 12, 3, 5],
  [10, -6, 3, -3],
]
Naive Calculation Time: 6200ms
Strassen Calculation Time: 2353100ms

