8
10  0  1  2  0 -1 -1 -15
-1  1 -1  1  2  0  0  3
1 -1  2 -3 -1  1  1  0
0  2  3  2  1  0 -1 -2
2  3 -1  0 -1  0 -1  0
1  2  2  1  0  1  1  2
3 -1  0  2  2  2  2  1
2 -2  1 -3  3  0  1  2
1  0  1  2  0 -1 -1 -1
-1  1 -1  1  2  0  0  3
1 -1  2 -3 -1  1  1  0
0  2  3  2  1  0 -1 -2
2  3 -1  0 -1  0 -1  0
1  2  2  1  0  1  1  2
3 -1  0  2  2  2  2  1
22 -2  1 -3  3  0  1  20


OUTPUT:

Naive Method Output: 
[
  [-323, 32, 1, 63, -46, -12, -29, -317],
  [67, 4, 0, -5, 11, 0, 0, 62],
  [6, -11, 0, -8, -4, 4, 8, 5],
  [-44, 11, 7, 1, -6, 1, -4, -39],
  [-7, 2, -2, 8, 6, -5, -4, 6],
  [49, -1, 10, -3, 11, 4, 5, 46],
  [38, 9, 13, 12, 5, 3, 0, 16],
  [58, -5, -4, -11, -3, 1, 3, 39],
]
Strassen Method Output: 
[
  [-323, 32, 1, 63, -46, -12, -29, -317],
  [99, 4, 63, -5, -1, 0, -317, 62],
  [7, 52, 0, -8, -33, -313, 8, 5],
  [8, 6, -1, 1, -319, 63, 1, -39],
  [-53, -10, -31, -309, 6, -5, -4, 6],
  [50, -1, -299, 59, 6, 4, 11, 46],
  [3, -296, 21, 17, 1, 9, 0, 16],
  [-234, 55, 9, -50, 11, 47, 19, 39],
]
Naive Calculation Time: 27000ms
Strassen Calculation Time: 25162100ms
