2
2 1          
1 5   
6 7
4 3

4
3  2  1  4    
-1  2  0  1     
2  3 -1 -2   
5  1  1  0     
-1  2 -1  0
3 -1  0  2
-4  0 -3  1
0 -2  1  2

8
1  0  1  2  0 -1 -1 -1  
-1  1 -1  1  2  0  0  3
1 -1  2 -3 -1  1  1  0
0  2  3  2  1  0 -1 -2
2  3 -1  0 -1  0 -1  0
1  2  2  1  0  1  1  2 
3 -1  0  2  2  2  2  1
2 -2  1 -3  3  0  1  2 
1  0  1  2  0 -1 -1 -1  
-1  1 -1  1  2  0  0  3
1 -1  2 -3 -1  1  1  0
0  2  3  2  1  0 -1 -2
2  3 -1  0 -1  0 -1  0
1  2  2  1  0  1  1  2 
3 -1  0  2  2  2  2  1
2 -2  1 -3  3  0  1  2 

2x2
Naive Method Output: 
[
  [16, 17],
  [26, 22],
]
Strassen Method Output: 
[
  [16, 17],
  [43, 22],
]
Naive Calculation Time: 5600ms
Strassen Calculation Time: 19100ms

4x4
Naive Method Output: 
[
  [-1, -4, -2, 13],
  [7, -6, 2, 6],
  [11, 5, -1, 1],
  [-6, 9, -8, 3],
]
Strassen Method Output: 
[
  [-1, -4, -2, 13],
  [3, -6, 15, 6],
  [9, 18, -1, 1],
  [14, 15, -7, 3],
]
Naive Calculation Time: 9500ms
Strassen Calculation Time: 188500ms

8x8
Naive Method Output: 
[
  [-4, 4, 6, 3, -4, -3, -6, -10],
  [7, 4, 0, -5, 11, 0, 0, 8],
  [6, -11, 0, -8, -4, 4, 8, 5],
  [-4, 11, 7, 1, -6, 1, -4, -3],
  [-7, 2, -2, 8, 6, -5, -4, 6],
  [9, -1, 10, -3, 11, 4, 5, 10],
  [18, 9, 13, 12, 5, 3, 0, -2],
  [18, -5, -4, -11, -3, 1, 3, 3],
]
Strassen Method Output: 
[
  [-4, 4, 6, 3, -4, -3, -6, -10],
  [11, 4, 3, -5, 8, 0, -10, 8],
  [12, -8, 0, -8, -10, -6, 8, 5],
  [-12, 6, -1, 1, -12, 9, 1, -3],
  [-11, -1, -8, -2, 6, -5, -4, 6],
  [19, -1, 8, 5, 6, 4, 11, 10],
  [6, 11, 21, 17, 1, 9, 0, -2],
  [33, 1, 9, -14, 11, 11, 1, 3],
]
Naive Calculation Time: 23000ms
Strassen Calculation Time: 814600ms

