OUTPUT:


Output for case: 1
69000   67081   57721   67922   19684   
30605   88080   36727   -----   35169   
4090   55930   27972   87610   -----   
99135   3616   -----   42378   39259   
16099   18020   77179   18859   47664   
36385   31465   33387   13467   45508   
97230   53431   75505   81265   83794   
63755   48994   79459   39158   3159   
65200   99161   70242   -----   46844   
-----   -----   7847   -----   36769   
84170   36411   56332   -----   -----   
81295   57056   35576   99178   69899   
24539   9901   11458   67743   29581   
60065   42785   6426   42416   53216   
8457   35951   53352   68593   1873   
13034   80820   15317   96558   89590   
97866   98342   45682   81083   -----   
65365   78085   47127   -----   67409   
80129   98131   9212   50973   10533   
96453   97056   20496   6338   61898   
23860   581   59142   86141   98020   
-----   98146   71386   97667   13668   
5987   47751   35031   44031   91194   
33115   40676   83877   43558   48953   


Output for case: 2
69000   67081   57721   67922   19684   
30605   44031   36727   -----   35169   
4090   55930   27972   -----   88080   
99135   3616   -----   42378   39259   
16099   18020   -----   -----   47664   
36385   31465   33387   13467   96453   
97230   53431   97866   77179   83794   
63755   -----   86141   39158   48994   
65200   99161   70242   5987   46844   
-----   81265   7847   -----   36769   
84170   78085   56332   3159   -----   
81295   57056   35576   99178   69899   
24539   9901   29581   67743   9212   
60065   42785   6426   -----   -----   
42416   35951   53352   68593   1873   
13034   98342   15317   96558   -----   
75505   36411   45682   81083   89590   
65365   53216   8457   11458   67409   
80820   98131   47127   50973   10533   
87610   97056   20496   6338   61898   
23860   581   59142   80129   79459   
98020   98146   71386   97667   13668   
18859   47751   35031   48953   91194   
33115   40676   83877   43558   45508   


Output for case: 3
[69000, 88080]   [67081, 57721]   [67922]   -----   [19684]   
[30605]   -----   [36727]   -----   [35169]   
[4090, 55930, 87610]   -----   [27972]   -----   -----   
[99135]   [3616]   -----   [42378]   [39259, 16099, 77179, 18859, 79459]   
[18020]   -----   -----   -----   [47664]   
[36385, 31465, 75505, 81265]   -----   [33387, 13467]   [45508]   -----   
[97230]   [53431]   -----   -----   [83794, 48994]   
[63755]   -----   -----   [39158]   [3159]   
[65200]   [99161]   [70242]   -----   [46844]   
-----   -----   [7847]   -----   [36769]   
[84170]   [36411]   [56332]   -----   -----   
[81295]   [57056, 35576, 42416, 53216]   [8457]   [99178, 11458]   [69899, 24539]   
[80820]   [9901, 29581]   [98342]   [67743]   -----   
[60065, 42785]   [6426, 97866]   -----   -----   -----   
[89590]   [35951]   [53352]   [68593, 1873]   [13034]   
-----   -----   [15317]   [96558]   -----   
-----   -----   [45682]   [81083]   -----   
[65365, 78085]   -----   [47127]   -----   [67409, 80129]   
-----   [98131]   [9212]   [50973, 10533, 96453]   -----   
-----   [97056, 20496]   -----   [6338, 61898]   -----   
[23860, 98020]   [581, 86141]   [59142]   -----   -----   
-----   [98146, 71386]   [97667, 5987]   [13668]   -----   
-----   [47751, 35031, 44031]   -----   [48953]   [91194]   
[33115]   [40676]   [83877]   [43558]   -----   


Output for case: 4
47751   63755   42416   53216   97667   
13467   35169   78085   91194   36411   
35951   70242   53352   68593   71386   
47127   39259   35576   81295   5987   
3159   80129   -----   -----   36727   
67081   4090   -----   24539   97056   
11458   -----   27972   57056   -----   
86141   40676   -----   96558   47664   
69000   -----   39158   45508   98342   
-----   50973   -----   80820   69899   
20496   61898   67743   65200   55930   
89590   -----   81083   83877   48953   
3616   96453   -----   57721   18859   
36385   36769   75505   9212   88080   
-----   56332   -----   581   -----   
99135   6426   15317   8457   97230   
13034   13668   97866   -----   79459   
-----   -----   59142   65365   45682   
77179   53431   44031   42378   98131   
1873   33115   16099   31465   48994   
7847   99161   98146   83794   67922   
67409   35031   87610   46844   98020   
84170   23860   81265   42785   33387   
6338   18020   29581   99178   10533   


Output for case: 5
-----   63755   78085   53216   97667   
13467   -----   42416   47751   91194   
35951   70242   53352   68593   80129   
47127   39259   71386   5987   -----   
81295   35576   -----   98131   18020   
67081   4090   -----   24539   97056   
-----   -----   27972   57056   -----   
86141   40676   83794   96558   47664   
69000   -----   39158   45508   98342   
36727   50973   97866   80820   69899   
20496   55930   67743   35169   61898   
89590   36411   81083   11458   48953   
3616   96453   83877   57721   18859   
67409   36769   75505   36385   88080   
-----   56332   -----   581   -----   
99135   6426   15317   -----   65200   
8457   13034   84170   -----   13668   
79459   -----   59142   65365   45682   
77179   53431   42378   -----   44031   
1873   33115   16099   9212   48994   
7847   99161   98146   98020   67922   
97230   35031   87610   46844   -----   
31465   23860   81265   42785   33387   
6338   3159   29581   99178   10533   


Output for case: 6
-----   [63755]   [60065]   [9901, 53216]   [97667]   
[43558, 13467]   [30605, 42416]   [19684, 47751]   [91194]   -----   
[35951, 47127]   [70242]   [53352, 71386]   [68593]   -----   
[81295]   [39259, 35576]   -----   [5987]   -----   
-----   -----   -----   -----   [36727]   
[67081]   [4090]   -----   [24539, 97056, 11458]   -----   
-----   -----   [27972]   [57056]   -----   
[86141]   [40676]   -----   [96558]   [47664, 69000]   
-----   -----   [39158, 45508]   -----   [98342]   
-----   [50973]   -----   [80820]   [69899, 20496, 61898, 65200]   
[55930]   -----   [67743]   -----   -----   
[89590]   -----   [81083, 83877]   [48953]   -----   
[3616, 96453]   -----   -----   [57721, 18859, 36385]   -----   
-----   [36769]   [75505]   [9212]   [88080]   
-----   [56332]   -----   [581]   -----   
[99135, 8457, 97230]   [6426, 97866]   [15317]   -----   [13668]   
[13034]   -----   -----   -----   [79459]   
-----   -----   [59142, 65365, 42378, 98131]   -----   [45682, 44031, 36411]   
[77179]   [53431]   -----   -----   -----   
[1873, 33115]   [31465, 84170]   [16099]   -----   [48994, 67409]   
[7847]   [99161, 83794]   [98146]   [98020]   [67922]   
-----   [35031]   [87610, 78085]   [46844]   -----   
-----   [23860, 3159]   [81265]   [42785, 33387, 18020]   -----   
[6338]   -----   [29581, 35169]   [99178]   [10533, 80129]   


Output for case: 7
3616   35031   68593   77179   91194   
42378   33115   47127   36727   67922   
50973   6338   97866   78085   80129   
-----   581   53352   24539   23860   
35951   13467   19684   4090   10533   
63755   35169   48953   80820   75505   
45682   83877   81265   79459   99135   
97667   86141   87610   98342   13034   
36411   42416   -----   20496   59142   
11458   36769   98131   39259   98020   
7847   65365   33387   43558   16099   
18020   67743   96558   56332   31465   
39158   99161   60065   46844   15317   
69899   1873   98146   47751   70242   
9901   42785   67081   81083   27972   
69000   83794   99178   96453   44031   
48994   97230   45508   71386   67409   
88080   81295   61898   29581   9212   
-----   47664   57721   -----   35576   
53431   30605   8457   6426   89590   
84170   18859   97056   -----   57056   
-----   53216   -----   55930   40676   
13668   5987   36385   65200   3159   
-----   -----   -----   -----   -----   


Output for case: 8
3616   35031   68593   91194   8457   
77179   33115   47127   42378   67922   
50973   6338   80129   97866   -----   
-----   581   53352   24539   13668   
13467   98020   19684   4090   10533   
48953   35169   -----   63755   3159   
45682   23860   83877   67409   99135   
97667   86141   48994   -----   13034   
87610   42416   75505   20496   59142   
11458   98342   35951   39259   36769   
7847   65365   33387   43558   16099   
97230   67743   96558   18020   56332   
39158   99161   60065   46844   96453   
69899   1873   15317   98131   70242   
9901   42785   67081   81265   44031   
27972   98146   99178   81295   47751   
80820   31465   45508   71386   69000   
-----   -----   61898   29581   9212   
-----   47664   81083   36727   35576   
53431   57721   5987   6426   89590   
30605   18859   97056   88080   57056   
-----   53216   78085   55930   40676   
36411   79459   36385   65200   -----   
-----   83794   -----   -----   84170   


Output for case: 9
[3616, 77179]   [35031]   [68593, 36727, 78085]   [91194, 42378]   -----   
-----   [33115, 47127]   -----   [97866]   [67922]   
[50973, 6338]   -----   [80129]   -----   -----   
-----   [581, 53352]   [23860, 35951]   [24539, 81265]   -----   
[13467, 79459]   [75505]   [19684, 4090]   [63755]   [10533, 48953]   
[80820, 36411]   [35169]   -----   -----   -----   
[45682]   [83877]   [98342]   -----   [99135]   
[97667, 86141, 87610]   -----   -----   -----   [13034]   
-----   [42416]   -----   [20496, 59142]   [36769]   
[11458]   -----   [98131]   [39259, 81295]   [98020]   
[7847, 97230]   [65365, 31465]   [33387]   [43558, 16099, 18020, 88080]   -----   
-----   [67743, 96558]   -----   [56332]   [9212]   
[39158, 99161]   [27972, 83794, 67409]   [60065, 46844, 15317, 98146, 81083]   -----   [96453]   
[69899, 1873, 47751, 48994]   -----   -----   -----   [70242]   
[9901, 69000]   [42785]   [67081]   -----   [44031]   
-----   -----   [99178]   -----   -----   
-----   -----   [45508]   [71386]   -----   
-----   -----   [61898]   [29581]   -----   
-----   [47664, 57721]   -----   -----   [35576, 89590]   
[53431, 30605, 8457]   -----   -----   [6426, 84170]   -----   
-----   [18859]   [97056]   -----   [57056]   
-----   [53216]   -----   [55930, 13668, 3159]   [40676]   
-----   [5987]   [36385, 65200]   -----   -----   
-----   -----   -----   -----   -----   


Output for case: 10
69000   44031   56332   
96558   19684   97667   
45508   67409   79459   
97056   70242   65200   
80820   88080   36411   
13668   43558   -----   
47127   11458   -----   
96453   39259   99161   
-----   -----   81083   
47751   1873   35576   
6426   4090   33115   
83794   57721   69899   
35951   61898   67922   
87610   99178   60065   
63755   18859   39158   
48994   67081   71386   
86141   3616   45682   
50973   27972   65365   
33387   53431   91194   
89590   77179   84170   
13467   9901   24539   
47664   29581   15317   
6338   18020   42378   
97230   98342   80129   
-----   36727   -----   
-----   -----   -----   
10533   20496   53216   
97866   68593   5987   
3159   81265   40676   
-----   55930   581   
-----   -----   -----   
53352   67743   8457   
-----   -----   7847   
35031   36385   30605   
59142   31465   46844   
42785   42416   57056   
98131   16099   75505   
9212   98020   78085   
83877   98146   36769   
35169   81295   13034   


Output for case: 11
-----   13034   69000   
96558   19684   97667   
44031   56332   36411   
97056   70242   65200   
88080   89590   80820   
13668   43558   81295   
47127   11458   -----   
53431   39259   99161   
-----   -----   81083   
47751   1873   35576   
6426   4090   83794   
33115   57721   69899   
35951   98342   84170   
87610   99178   60065   
63755   61898   39158   
18859   67081   71386   
-----   3616   45682   
50973   27972   65365   
33387   86141   91194   
45508   77179   8457   
13467   9901   24539   
47664   -----   15317   
6338   18020   -----   
-----   48994   42378   
31465   36727   97230   
29581   96453   -----   
10533   20496   53216   
67922   68593   5987   
3159   81265   40676   
98131   55930   581   
-----   -----   79459   
53352   67743   97866   
67409   -----   7847   
35031   36385   30605   
59142   78085   46844   
42785   75505   57056   
-----   16099   9212   
80129   98020   -----   
83877   98146   36769   
-----   42416   35169   


Output for case: 12
-----   86141   -----   10533   81265   
98146   15317   6338   53431   42378   
98342   97667   68593   -----   47127   
61898   99161   33115   81083   47751   
35169   97056   45508   69899   46844   
48994   79459   581   53352   29581   
42785   47664   40676   67081   59142   
13034   99178   1873   69000   6426   
70242   65365   7847   96453   57721   
39158   60065   35576   27972   83877   
39259   30605   42416   18020   96558   
44031   91194   56332   36385   9901   
57056   63755   8457   24539   80820   
87610   33387   83794   67922   4090   
45682   81295   75505   84170   36727   
97866   89590   18859   65200   55930   
67409   78085   5987   36411   3159   
67743   80129   16099   35031   13467   
71386   20496   19684   11458   48953   
98020   9212   77179   53216   13668   
43558   50973   35951   99135   88080   
-----   36769   31465   98131   23860   
-----   -----   -----   -----   -----   
-----   97230   -----   -----   3616   


Output for case: 13
-----   86141   -----   10533   75505   
98146   15317   53431   98131   98342   
6338   97667   68593   -----   47127   
61898   99161   33115   81083   47751   
35169   97056   45508   69899   46844   
48994   -----   581   53352   -----   
42785   47664   40676   67081   79459   
59142   99178   1873   69000   6426   
70242   65365   7847   96453   57721   
39158   60065   87610   27972   83877   
39259   56332   42416   96558   30605   
36727   80820   29581   35576   9901   
57056   63755   -----   24539   9212   
97866   33387   83794   67922   4090   
45682   36411   3159   8457   78085   
18020   89590   18859   65200   91194   
55930   67409   80129   84170   -----   
67743   36385   16099   35031   13467   
71386   20496   19684   11458   44031   
81295   42378   77179   53216   -----   
43558   50973   13668   99135   -----   
35951   36769   48953   81265   23860   
-----   31465   -----   5987   88080   
-----   13034   97230   98020   3616   


Output for case: 14
-----   [86141]   -----   [10533, 81265]   -----   
[98146, 6338, 42378]   [15317, 53431]   -----   [98342]   -----   
-----   [97667]   [68593]   -----   [47127]   
[61898]   [99161]   [33115]   [81083, 97866]   [47751, 35169]   
[79459]   [97056]   [45508, 3159]   [69899, 46844]   [48994]   
-----   -----   [581, 53352, 29581]   -----   -----   
[42785, 59142]   [47664, 40676, 13034]   -----   [67081]   -----   
-----   [99178]   [1873, 69000]   [75505]   [6426, 44031, 36385]   
[70242, 81295]   [65365]   [7847, 96453]   -----   [57721, 35576, 78085]   
[39158, 18020, 8457, 5987]   [60065, 87610]   -----   [27972]   [83877, 30605, 91194]   
[39259, 56332]   [80820]   [42416, 96558]   [84170]   -----   
[36727]   -----   -----   -----   [9901, 57056]   
-----   [63755]   -----   [24539]   -----   
-----   [33387, 83794]   -----   [67922]   [4090, 45682]   
-----   [36411]   -----   -----   -----   
-----   [89590]   [18859, 65200]   -----   [55930]   
[67409]   -----   [80129]   -----   -----   
[67743]   -----   [16099]   [35031, 13467, 98020]   -----   
[71386]   [20496]   [19684, 9212]   [11458, 48953]   -----   
-----   -----   [77179, 13668]   [53216]   -----   
[43558, 35951, 88080]   [50973]   -----   [99135]   -----   
-----   [36769, 31465, 98131]   -----   -----   [23860]   
-----   -----   -----   -----   -----   
-----   [97230]   -----   -----   [3616]   

Time for Case 1: 322900
Time for Case 2: 163300
Time for Case 3: 346000
Time for Case 4: 194900
Time for Case 5: 113800
Time for Case 6: 230900
Time for Case 7: 167900
Time for Case 8: 143900
Time for Case 9: 216600
Time for Case 10: 153400
Time for Case 11: 103500
Time for Case 12: 255100
Time for Case 13: 162200
Time for Case 14: 258000